221716
482395
193846
760214
529183
847602
314758
608273
972014
451382
236479
589620
174385
693817
820461
357928
104395
762841
430972
218574
596203
847195
320486
571938
904276
136849
782014
465293
238716
609457
371982
890426
254817
713058
462903
198735
584620
327149
970214
456380
182947
605328
731804
249561
893270
514628
276349
680915
348276
921473
135698
572093
408761
639254
287410
754198
421396
806273
195840
672539
384216
947820
530416
281647
763905
419582
602173
895240
134967
578203
406519
729184
315860
890672
264193
537490
182604
694315
478029
250861
813472
391085
746028
520197
168430
673258
294517
801346
435982
127594
569308
402817
738264
251970
684130
917452
340786
586491
174203
629517
812364
646894
